Tiempo: 0.003406,IDE: 10626, SocketID:4, Memoria:972             
Tiempo: 0.000946,IDE: 10650, SocketID:4, Memoria:1164             
