G1: 5     | 0.001343             
G1: 5     | 0.001535             
G1: 5     | 0.004388             
G1: 5     | 0.001404             
