Tiempo: 0.137313, IDE: 9773, SocketID:4, Memoria:1656             
Tiempo: 0.093155, IDE: 9773, SocketID:5, Memoria:1840
Tiempo: 0.034569,IDE: 4682, SocketID:4, Memoria:1312             
Tiempo: 0.831590,IDE: 4759, SocketID:4, Memoria:3204             
